66.76983943,48.84505409,46.94611092,50.96255025,47.15354901,52.00467087,53.34705153,48.32606442,50.24153202,51.1381321,53.125724,48.38567088,50.63842673,51.3853137,52.82529986,48.21873291,52.81680994,50.40139601,50.86085063,50.65787269,51.67104761,46.80898579,51.0093441,51.77865134,49.06362683,52.13125952,46.89757196,47.87542312,46.64814052,50.87660379,47.46555444,50.03129486,49.11979239,51.57765666,48.35446556,51.21312581,46.56080161,50.56977894,50.3760173,50.01016957,50.90915609,45.10157566,49.57149055,47.81155674,48.30456443,46.56258379,53.46333726,47.81437303,55.94765087,48.30971982,47.44950081,48.14970092,53.47942805,53.98489581,47.30831338,48.74201811,50.4385522,51.24168758,48.56568394,43.20383407,51.0656349,47.21088696,51.05823592,50.06971972,48.13162329,48.98593131,48.79471715,46.99417133,50.22847067,52.13568193,48.43567334,48.92218775,49.17217954,46.8260495,48.40329981,50.43622055,53.61080859,50.33054225,50.03562405,47.57488053,52.01754033,50.37929983,47.94992969,49.05827989,46.99728667,50.50887862,51.12587595,47.99120223,54.33426896,47.46045227,51.9650579,49.87225,50.44395829,48.06738936,51.65186344,50.95835943,48.06536691,51.55531996,46.29444452,52.42312858,51.88772189,44.58842333,49.90838971,50.37590426,49.14838461,53.61104196,49.09505327,51.93233756,51.2450531,50.62118506,47.9189147,48.63570799,48.80289215,46.31871021,47.22775618,48.3873857,52.66479123,53.39996006,47.26973758,44.91109184,52.80547927,50.46179749,45.95832061,47.43870671,48.75397813,45.87914364,49.20899877,52.59379046,47.74877743,50.11271939,48.65083949,47.05618557,52.08516642,47.23595414,52.05136866,49.59472399,51.6417216,49.8262073,46.99477061,48.72461318,50.46044379,48.38746583,44.97263634,51.76304846,47.09637382,48.09063211,50.10615913,45.90588761,48.26639217,54.61459142,49.46292079,54.23948301,52.45945072,49.70389133,51.94960874,51.95071605,49.21487603,52.12041345,52.89619498,51.29093679,49.47251265,50.10581247,48.37453844,52.91298735,48.36013887,44.86887865,51.8573928,50.831226,47.95003172,49.442529,51.78920395,51.48955596,50.38753745,48.59018384,47.91690959,49.77644169,47.22706254,45.96836564,52.15216084,53.33372022,48.23975518,52.79279478,51.93289923,51.56420362,52.53395253,54.8676092,50.92644232,49.1871477,50.54977966,48.13654065,47.54400206,52.68121814,49.17408263,49.09978294,49.42352513,48.12171987,46.74099926,46.35737536,46.16037798,47.4920537
48.84505409,64.18296061,48.96130521,49.44334485,45.69144419,50.24244646,51.3247019,45.5578024,49.9716176,52.82732581,53.1467244,48.64315314,50.63148427,49.75373122,52.10378274,48.57545648,53.12757744,50.8047578,48.90063272,49.33519032,50.11672073,47.03280859,49.83886896,53.98639816,45.8884288,51.09846628,49.23365225,47.18261094,46.09184847,47.0660042,47.87080385,51.31738221,48.79608367,50.23111227,50.09564647,47.752325,45.85382767,50.55381056,50.40203632,49.54183061,49.16388381,44.75433787,47.27304005,46.09157989,49.14757024,46.08698376,51.42387069,45.37391703,54.72643306,48.7285872,48.3656119,49.06612532,53.68278612,53.59066167,46.41552768,46.39172843,50.61344848,47.76680867,47.91332853,43.72064645,48.44684844,46.64584374,49.27319792,47.59781784,48.78607764,46.88466732,51.88061717,45.08978087,49.92956067,50.19296811,46.75956881,47.61724595,49.76855882,47.05356752,47.97131253,50.23362134,52.14665091,48.5001981,51.22650613,49.94964107,50.85119065,48.25300175,46.78753387,48.75944165,47.0744484,50.44804774,52.46440229,47.17304963,51.19460652,47.05228328,56.64080099,47.95168318,49.36220783,45.92276268,49.456425,52.65067336,47.03607064,49.61230399,45.0466454,53.73274185,48.93575359,45.73275567,49.11124056,48.32550673,49.42222653,51.40905218,50.31504112,51.43966274,50.06550868,50.5332089,45.13522182,48.68333596,48.24530173,45.7445777,48.84649565,45.65736744,48.27302437,50.15579909,49.86261937,47.75020163,49.23817754,50.25412742,49.05142288,50.939201,45.81064717,47.03844058,50.01261932,51.75466088,46.49885597,51.3942081,48.89961964,48.14034723,51.67671255,48.70447562,49.29129693,49.39478983,51.76110931,47.47918634,47.86348666,49.27627962,49.5020806,47.83721826,44.59764833,52.23486476,46.51305524,49.82281559,49.94655281,50.79738421,48.16436853,52.62616179,49.96841975,53.67379227,52.25819807,50.41374025,49.6990629,51.10554188,48.19322527,48.21734288,49.59499397,46.53835788,48.33514042,48.53569084,47.79889896,53.94734147,51.42677317,43.76165049,51.01725908,50.86963237,49.8005354,46.13627615,52.04120802,49.70699831,51.47724497,47.33822668,46.57364472,49.37281817,47.11025632,46.73811678,49.30077859,52.78531117,47.90515521,49.88809814,50.73798348,47.37361361,50.34384655,53.98778883,51.40912753,50.19751829,49.07482674,47.62663952,44.77605938,51.1140568,47.82210635,47.6322252,51.72957593,49.3316916,46.46260262,48.27906499,48.12919794,47.75468032
46.94611092,48.96130521,63.07465739,49.71002858,45.47137428,51.83096952,53.79129139,46.00668714,52.76324295,50.03886425,52.33081053,49.46209491,48.92183876,51.01846624,52.24551896,47.51201051,52.97632309,50.49899856,51.97982812,49.41964007,47.57370375,49.31017339,50.15997164,52.6821874,50.0426348,50.84025477,46.82398561,46.39650471,47.66870458,47.94751232,49.46789144,49.99094591,49.72646049,50.9296697,49.90234338,48.71288977,44.94525524,51.39479413,48.73370595,49.33281714,51.4700041,46.43995435,47.63681801,47.42632164,48.52461049,47.33162491,51.92412917,47.9481353,55.29018178,46.80494906,48.14525523,49.97212108,55.41389862,53.82206152,49.03156964,47.01430386,51.56796632,50.02725622,47.32002047,43.83294837,49.93616867,49.62699568,49.19689686,52.11495601,48.37412816,46.99451497,50.17589492,49.4236682,49.54613438,52.6882955,49.5783642,49.48168897,49.12051214,48.01998628,49.44203408,50.805272,52.06115245,50.94117356,52.05378875,50.18418139,49.33910085,51.95820368,47.11035001,49.95175933,46.49281159,52.53043556,53.68068069,48.85698158,54.16019399,47.84690067,53.11187965,50.94356118,50.70586219,48.94195072,48.94436688,52.41454693,49.80387876,50.57424579,46.59975827,52.02625808,50.87543735,45.69314377,48.49876367,47.25203554,46.97366392,52.25959474,50.01998859,51.56430493,52.12114546,52.24463926,48.03865149,48.72432464,50.75568145,47.62992192,49.46675907,46.73314393,49.20438022,49.73458379,48.68254455,48.46637557,50.28953242,51.48675342,48.84957732,49.31322329,48.6422967,45.95087082,51.18731337,51.99697032,49.53217329,51.06776009,50.43841296,46.60083468,50.37598796,47.19180056,49.65022852,48.83501748,51.00530035,47.49780758,49.09475218,47.62733772,48.92146514,48.508432,45.26850817,51.22575268,46.93726419,47.65577193,53.52737739,50.54233043,49.13277769,54.37765992,50.76556388,54.12614576,54.49691143,50.12290851,51.53035572,51.17216434,50.88463714,50.80542602,53.54396293,47.4798878,49.93651537,49.64374264,48.52941369,55.74129149,49.99134088,44.94608251,53.22282103,49.62647041,49.95013022,47.30861591,51.77502969,51.53387756,53.33190863,48.83546487,49.82532634,47.4992343,46.46845461,47.32238064,48.36105277,53.27702319,48.55717707,50.43531051,51.08198488,48.01330861,51.02767647,54.73810851,51.09298356,48.50994113,51.66507907,48.41177319,43.1936252,52.21217679,50.56565801,50.70567412,49.56701968,49.26297242,48.56096054,46.59757472,46.89519841,51.43050111
50.96255025,49.44334485,49.71002858,65.51092229,45.22559704,48.77231696,50.99477546,46.938347,51.70333516,50.17170462,53.47032216,48.04434658,49.24687012,51.04330662,49.53463947,48.88777779,53.15103028,48.33755371,48.74356101,50.8527575,50.03774448,46.5617777,50.44097106,51.19240264,47.66180412,47.48520815,47.22179737,48.17828433,47.06716827,48.54480263,47.03632487,48.89519871,48.08056675,49.75015548,47.21019631,49.76813543,44.74972751,49.84568279,50.04284863,47.1182874,49.16825486,45.70796846,45.76516137,46.17819377,48.83511189,47.14046813,52.94783922,44.30380952,55.789168,46.01539575,46.57223185,48.38054,53.26654526,53.91342067,48.50248787,48.29157641,48.73374313,50.26059839,47.33158654,42.84586169,49.95697744,46.82123335,48.57325893,47.23582963,47.80158142,46.90827695,50.68596987,46.51746587,47.93643121,52.95976038,49.51495761,48.67206581,48.8701853,45.87733549,48.25286434,48.69548218,51.35931739,47.58991888,50.64454667,48.6112915,51.13621818,48.11486587,48.84325838,50.14177795,44.92130177,49.46165068,52.66815277,47.36044662,51.67756421,48.51023426,53.36128312,50.61928604,50.60642082,45.01922719,49.90778701,49.13347074,46.55574844,48.21995601,45.20110119,52.65101886,47.68972703,44.31221857,46.89717682,48.15717275,44.83504332,50.42971597,47.1398423,49.32684691,49.8728895,49.53253858,47.86896602,45.10768936,46.16899008,47.00935877,46.73204427,46.44964747,48.04584137,49.9538098,46.05306408,47.33410792,50.96952654,48.70393992,50.09248767,48.14391338,46.83386235,45.95098223,47.9511727,50.07904988,48.12605356,48.75089026,50.24756747,47.43311184,49.27542196,44.72674462,49.9050108,47.64725407,51.39106401,45.37962194,48.46457138,47.93978426,49.92807557,46.26257629,45.10744892,50.85631031,46.00922909,48.13159731,50.00356009,47.53893001,47.48808299,52.00610847,50.44632842,51.9582974,52.10120898,49.09047474,50.78320209,48.82025948,48.00725815,48.3953651,50.35980707,50.65588968,47.80946472,50.26479771,48.22115174,52.27819724,48.5881129,42.83307257,51.90787022,50.21104112,46.55337499,49.41324424,52.8501796,48.87988119,53.49966397,47.88243505,49.20210402,49.45375428,47.17139906,46.38162377,50.25478363,51.30430937,47.64852328,49.92586299,49.90412475,50.80689902,51.05405207,54.74318917,48.94048041,47.85014298,49.61767772,45.85117723,42.42541419,52.65517659,51.65315017,48.40143572,48.56858543,48.47476563,47.66955621,46.75841895,47.01445138,47.61786236
47.15354901,45.69144419,45.47137428,45.22559704,59.56471616,48.79561274,51.95901472,46.91416904,47.76041406,48.45682484,49.40847401,45.79427733,47.26257402,48.27894341,50.49973335,48.01660411,52.44453191,49.24324175,47.5282256,46.40920898,47.24900088,43.90502024,46.64794759,48.76651354,43.93467229,47.86336279,44.73010867,42.99839958,45.14902543,46.21232208,47.16749309,46.82171342,49.03970749,47.86803937,46.89871939,47.47270544,44.49845194,50.60333943,48.6514713,46.46499362,45.21424783,44.31023706,47.33536705,44.30450372,47.83442723,46.42634108,50.10848471,44.65768407,52.92863614,46.1928049,44.48663952,46.75080575,51.48932158,49.44697552,46.45817945,44.78326942,49.73891677,47.25794662,48.44214409,43.02806889,47.63634161,45.85111258,47.02860541,47.91327685,46.74886529,44.99507655,50.05544035,44.96104135,47.16712811,49.75951085,47.08026841,46.89701678,44.2730615,43.75892692,47.89753327,46.50769655,47.58902315,45.17137199,48.70703717,46.36620066,49.51657963,49.92282986,45.58071141,47.2056553,43.22359175,49.39328016,46.49032754,43.74566075,51.06471075,44.71836852,49.1221099,47.41647394,46.33761905,46.95979908,47.8280871,49.60895822,46.70635198,49.46189208,44.69757251,49.15231706,48.58510063,40.80125529,44.51071994,47.89667105,46.80985005,47.54998509,47.51999657,49.38065767,50.77983067,49.26378775,46.99024484,45.83464489,46.79299225,45.29575564,45.8246181,45.92877595,48.6225973,48.96496781,44.63666977,44.43909976,49.31955941,46.71610019,46.4590253,46.92934753,45.23044936,44.31729421,46.1019031,49.53785376,47.18868147,48.72299503,45.61144463,43.64861988,47.1681962,44.30758972,46.66360802,47.54805645,49.03365892,46.49844173,44.27834199,46.52562698,50.51612116,43.83723348,46.09634501,49.72242375,44.82696575,45.64517175,49.47146151,45.47966627,46.23629609,50.50034715,45.84362554,52.45455744,51.55224255,50.52238071,49.17675148,50.98673753,46.4965219,48.25848788,49.34354027,46.87598459,47.26648354,46.17740482,45.24437783,52.29740407,47.11430072,42.09279348,51.82212155,46.92116557,45.36062406,45.00102706,50.84390557,48.11593482,52.69846749,47.752605,46.27380484,47.77679003,44.42749287,41.65059874,44.64970518,49.20451291,45.23036642,51.00632442,49.04272358,50.00473811,48.82925316,50.85070991,48.11366447,48.92568187,46.72635834,45.85161105,43.946022,46.80912939,45.96303308,48.23311419,46.57029459,43.64321099,44.98213596,44.63344134,44.68392789,45.65229522
52.00467087,50.24244646,51.83096952,48.77231696,48.79561274,70.27781861,55.6097514,48.34444571,52.44755412,51.80456341,55.24348188,49.75836391,49.49906574,55.09395607,54.70432771,50.83460338,53.63625337,51.80341356,52.43599491,56.71009209,51.40512814,50.82706918,53.8399096,55.75167384,50.55542909,52.97460452,51.08920724,50.21679525,50.08042456,49.14111209,50.84887204,55.29846275,48.55648282,52.69115598,52.20558982,52.41704343,49.16667134,53.88105944,49.88979397,51.49356373,52.54394329,47.57268727,50.38998112,49.70689277,50.12889021,50.65069022,55.2498595,48.2277258,57.12775983,49.75406762,51.83274818,52.06870175,54.97984856,54.31415995,50.04530163,49.93227371,53.83342598,54.14830675,52.2730769,44.79429884,51.57432009,50.4295784,51.41133108,53.74292844,53.16226163,51.60671222,51.46369112,48.91378068,52.74857116,53.12447072,52.83367696,51.88936433,52.33605024,48.73627452,50.84123004,51.73243306,55.19063253,51.72474411,53.82859048,50.70287942,53.54732393,52.8790175,50.41793675,51.51763003,47.69805505,55.08544815,52.61344689,51.01827091,55.17430397,51.00545043,55.09285844,52.75054247,52.4969258,52.81484837,52.19804429,52.74864508,50.90069156,52.77084232,48.03903618,56.09808651,51.35280612,49.1592719,49.39898453,51.4191606,48.257059,53.87809634,52.58149211,53.22060648,54.39128355,54.69871517,49.80878683,49.21566944,52.78067181,48.56520687,50.90431338,49.05004747,52.95415328,53.60579477,49.71640754,47.91595998,50.68946024,52.81595385,51.42139029,49.40821102,50.28996589,50.60781708,51.43807183,56.40835284,48.11229997,52.75455564,53.08123786,49.6070662,53.85009212,50.76429837,51.28691762,51.29240056,54.0546583,52.30377369,50.18242451,48.84771592,53.81801884,48.57364599,46.90733268,53.53312319,51.96323969,49.48008188,54.78435269,50.56731226,49.88476965,57.45153178,52.61253862,59.59336964,54.21022724,52.90056132,52.19382385,54.07289647,51.30513463,55.19939299,54.664048,50.37610415,51.85756846,48.27107809,50.92276951,58.40136175,50.36153407,47.6677501,55.71608027,50.1929362,50.43552864,50.78485155,55.46317507,51.05763769,54.51772949,48.10196227,51.62109735,52.84620097,46.87599974,47.24245344,51.89601609,58.10873374,50.58793329,53.28852551,52.56346961,52.84821116,52.74929755,58.88715994,56.22064277,52.86309745,53.39864741,50.37731511,48.83266796,53.11663558,53.08239298,50.46799318,54.44769009,48.44646491,51.17620377,49.55323796,48.40786677,53.83693186
53.34705153,51.3247019,53.79129139,50.99477546,51.95901472,55.6097514,73.28092883,50.60403169,55.81213038,53.62229487,56.89297456,51.88570815,53.25128393,53.88056476,55.02735663,51.02902501,59.71925708,55.54202268,56.20043454,56.02666573,53.61287731,50.98135802,53.0453014,56.54403888,52.6141079,54.60801372,50.42085716,49.4174803,50.23304459,51.96190854,51.90726225,56.44033989,52.16932354,56.20124607,51.19386374,53.11022071,49.94108266,52.78876822,53.96654585,53.89005219,54.79191359,51.97840219,50.74627488,51.47278865,51.47084219,51.73898673,56.30806674,50.92712807,61.0742288,52.03213938,52.80911228,54.7728329,60.82099067,56.07458331,50.60371264,50.45766807,55.51801724,53.59641088,51.31785524,48.26071811,55.25586254,51.18571336,51.84651521,55.08923097,52.51645611,51.22794572,54.1213185,52.25133184,53.49118276,54.31710118,53.63808985,51.43978866,51.98176525,50.58914845,53.20390119,53.42904129,55.18253857,53.00975371,53.77965297,53.6797398,57.07908588,56.51623119,47.83683352,51.74051922,49.93872772,56.98613605,54.50545909,51.1797245,56.08199,51.47423994,56.59588476,53.37747971,56.32937234,52.43801194,52.51359751,56.52622172,52.28898153,54.0533422,49.74399299,55.28577055,54.88227375,50.01876619,51.70782505,52.98173887,52.98192348,56.60655163,53.74993345,53.97692368,57.47831406,53.83591926,52.80567831,52.18374888,54.26205939,51.93154723,50.3638695,48.71742757,54.35048095,52.28707,54.63930264,48.68350867,52.73768862,53.6880568,53.14906593,49.78547344,49.37464233,52.97675518,53.66200488,57.2357741,51.09404781,52.52083943,54.32807699,50.18934414,55.88230824,50.42035676,52.04969423,51.31588279,57.10134998,52.56763683,52.95946346,50.80676965,53.87325193,50.8264306,50.68927743,55.96260793,49.33366269,51.05217991,56.67896986,52.56719419,50.33830436,58.08487027,53.33453676,60.08477785,57.63758449,52.51223025,55.56816047,56.67610141,53.70064183,53.91814454,56.55063903,52.08120926,53.12911128,51.32156014,51.32608498,59.0453309,54.44084124,48.90379878,57.61620434,53.4727056,52.42828217,51.79397071,57.17428502,55.26880185,57.89783813,52.23139299,52.33971051,52.2712372,50.74276767,49.49933798,52.6897086,57.87568124,49.85699319,56.82729336,52.60299023,53.03123247,55.24010041,61.70148085,56.44427381,55.10655743,52.82322236,51.46627374,49.10535165,53.83303749,54.79216988,55.40629088,53.6223811,50.9484942,52.17480914,50.74530664,52.18532544,54.26331135
48.32606442,45.5578024,46.00668714,46.938347,46.91416904,48.34444571,50.60403169,59.1909392,49.72306048,48.68882003,48.12688697,47.3243657,46.77933624,50.13405976,47.9794267,46.54313554,50.24364534,49.32828504,48.97209817,47.9219069,48.84610681,46.10565049,46.56737659,50.26927285,46.68014428,48.60447753,44.40497869,43.86661738,43.63625005,43.47978296,46.68431369,44.93946051,47.94272826,49.34990528,48.30119575,45.65767964,43.27307614,50.21677427,48.13362922,46.73577915,47.84624581,44.46846559,45.54353525,43.68912422,45.51282807,44.21756977,49.69324403,44.34884902,52.86832151,43.66187232,45.31548778,47.67465706,52.42581875,51.16339322,45.85502459,44.4759591,49.05211041,46.61153882,44.02371655,40.73224794,46.85272918,45.40059415,47.13345994,46.6149516,46.00911836,44.2470455,48.16676216,43.61428499,48.47690022,51.57749201,44.57492061,46.62565872,45.26113914,44.25877893,48.65125246,48.02371513,50.92556896,46.76315916,49.70772461,45.78057232,49.23597036,47.25659204,44.48935902,46.94335119,42.2262007,50.01543603,47.19327302,44.18646962,51.33474144,45.35822882,51.04712498,47.04378205,46.24644846,46.36822326,46.89605847,49.51793962,46.69919598,47.7804183,42.21238948,49.40168107,46.03651036,41.61681399,46.79681532,47.04082468,43.84561152,48.78550239,46.31633249,48.27075577,49.81764701,49.00837274,46.69109316,45.56980849,45.5283559,42.74371902,46.5922991,45.32942425,47.42503115,47.33042157,44.49140345,43.19644886,46.77636244,47.32046789,48.04797784,43.36961772,45.28217591,42.22702695,46.12245401,50.14507943,45.28378686,48.58667133,45.63811379,43.16136484,47.8342078,46.24474975,46.90771655,45.99635482,48.30230087,44.92683687,45.65227071,44.76812174,48.4397745,45.14877678,43.5987744,52.07879044,44.45807335,45.31097346,48.30453874,46.23872748,44.99138861,50.32020803,45.6996722,51.77692909,50.49770599,47.47005639,47.15856579,47.22389246,46.25349089,47.03246767,49.76304456,47.32080994,47.40290391,46.89166388,45.25918547,50.55286979,47.35939576,43.57850468,51.10099447,47.38703733,44.65047349,44.71230535,49.61706969,47.45111385,51.89607504,45.71783664,45.73332018,45.95352475,44.08826836,43.16552272,48.23819399,48.80492674,46.78760727,50.74891684,47.96256846,48.05200668,48.43969788,51.88834112,48.38340279,48.22392766,46.31795342,44.40314407,42.93167184,46.2504024,46.56328404,46.40877333,47.90351952,46.21840765,46.17896259,46.49442175,46.71425755,47.21579336
50.24153202,49.9716176,52.76324295,51.70333516,47.76041406,52.44755412,55.81213038,49.72306048,69.44289398,52.16405572,55.58354535,51.64266055,51.75871226,51.98295288,53.25366969,48.66281139,54.26691938,52.84327516,52.49573796,53.81983119,54.10481763,50.54292236,51.08846165,53.60204659,49.73867038,52.87824806,48.96601437,49.83325481,49.75133121,50.38048924,50.72288008,50.1312659,51.35831127,54.31956905,51.12631681,52.31450134,45.9633871,49.98470199,51.29094286,50.40853757,52.66925643,48.58812931,47.08125088,47.86698623,50.6338896,49.45980116,53.6384349,46.57601796,57.05214334,48.2929979,50.43502222,50.85289876,55.69663153,54.22688721,50.04863184,48.28252275,53.50983304,54.19127536,48.20078,46.58719381,49.81351125,50.99343099,51.56992542,52.41646344,50.2805377,49.43232778,51.59400625,48.71383152,51.04699413,56.37145161,49.68536351,49.86781112,51.87747681,48.5846752,47.31593551,51.91762377,56.18925972,51.6220734,55.81889668,50.08030391,53.63033406,52.54193483,47.70045428,51.1144784,49.33667249,53.6778294,52.04042341,49.41208527,54.07877358,50.31982225,54.76518794,51.99223248,53.07439757,50.0799821,52.63418491,53.02276777,49.18560241,51.29590178,47.36238272,55.18796149,51.62259846,48.39649751,53.98686908,49.65247493,47.28152586,54.25181863,52.54515993,52.31884822,53.11096619,52.06420545,50.51528412,51.57548993,48.37708868,51.23566964,48.93130445,48.62339545,50.84114352,49.86987911,51.25161341,49.28516864,52.07542816,52.89053507,51.64817133,49.81095106,49.57842613,48.06196003,53.12503719,53.33138066,52.03562578,51.72690472,49.71593543,48.3423921,52.41950571,49.08469944,50.6354453,52.27741461,55.66345162,49.63320297,51.37662453,50.70987781,54.07038009,49.85580396,45.96039899,53.28256095,47.58063235,50.4501875,54.49301853,48.52575832,50.72110032,54.96845303,53.4351774,57.79297461,54.97348303,52.76077353,55.19881665,53.73000226,51.40208246,50.87181356,55.12193914,51.54260878,51.28263261,50.60825863,51.39740516,55.52126732,53.60932573,47.11996086,54.42353179,49.40468384,49.38124234,49.23392309,55.68176623,52.09946874,54.76707245,49.06547918,50.21565165,51.6046597,51.09061909,47.33533765,51.38691332,54.61659614,50.12068887,55.87775483,50.76476009,50.81761826,53.22226161,58.00936738,52.78511196,50.70328027,52.0562335,49.28788876,46.54042074,52.370816,52.92494629,51.29786342,50.27899688,50.32125017,50.62916442,50.30920266,48.21754043,53.71113519
51.1381321,52.82732581,50.03886425,50.17170462,48.45682484,51.80456341,53.62229487,48.68882003,52.16405572,69.23161485,53.59353168,51.84809268,50.74241301,52.47123718,53.04474078,51.25852473,55.64710596,50.87289062,52.24557368,52.72283895,52.69402725,49.12942558,51.07549879,53.94509765,49.80058468,52.56139385,51.36973288,50.17022337,49.57735941,50.65279075,50.09793568,51.49329399,50.52461586,55.25433746,52.09793295,50.9842967,47.23757745,54.58257078,50.29228325,49.68953592,51.74164023,46.27687404,50.00672465,47.84601087,50.99804721,49.48531831,58.14029698,47.69996193,59.50992699,49.62684281,51.31050809,51.7210398,55.75485009,55.07533809,49.51359543,48.8573199,55.78112472,49.39890664,50.58858772,45.97921866,51.52297498,48.06637538,51.06617049,50.97431693,49.68190745,49.32067964,51.85726622,47.65476401,54.61738445,51.95366847,49.81446457,48.85849632,49.98114992,47.45546448,51.38515285,51.83244791,53.64331182,50.76763395,53.24323761,50.01512735,49.91821173,51.84157713,49.77391791,51.44827885,48.80420551,52.97072677,52.10511142,50.21472139,53.29408448,50.85844936,55.83290161,51.6513174,51.65804533,49.36022556,50.52526488,54.16528184,48.43487393,51.72054877,46.37045824,54.62634934,50.7894915,47.7863687,50.98561544,50.54485635,51.41358313,53.53783787,52.07239368,53.3785266,55.37701377,50.45693472,48.03297631,49.34265292,53.03944057,51.37051762,50.32473663,48.79860638,51.23718116,49.89312713,51.53280554,47.04943693,52.13503864,51.81971152,50.53882105,52.04315641,48.87130893,47.93546135,50.89180455,53.93656313,49.4892425,53.41605663,50.54545149,46.60033758,52.27499701,50.68019542,51.58944843,52.35881315,53.46473089,54.29847235,51.59715423,50.73162318,52.64960264,47.07746293,46.95237941,57.18229311,48.76866554,48.91361498,53.43231308,51.41238104,52.28713078,53.9858433,51.41108912,55.84217677,55.84905882,50.22660613,50.59304355,52.03977673,50.53980829,53.17258416,51.85996943,52.65314352,50.49844095,50.73117372,49.77444211,56.70469411,50.65765695,47.24648939,56.17359342,52.63343288,51.49529704,49.99712483,54.67810395,52.39476674,54.26798938,50.70607129,50.13677601,50.25468563,48.72021929,46.49666397,52.44818728,53.52144675,49.62818664,53.77116338,51.40146616,51.48417065,52.34176487,56.55264373,56.42067385,49.54741652,52.30217726,49.79159102,46.62575012,52.90856489,51.56333474,52.43819918,50.88328604,51.25725243,51.54550333,50.30999096,48.97604647,51.03622532
53.125724,53.1467244,52.33081053,53.47032216,49.40847401,55.24348188,56.89297456,48.12688697,55.58354535,53.59353168,72.44727371,52.62624071,52.66892053,55.58385745,55.49395772,50.77222527,55.15821923,51.39975776,56.05618505,53.62992757,54.38199652,51.71913624,55.92086398,55.09435624,51.67487023,54.25468314,52.97779551,47.0557468,49.95118992,51.52332524,49.35680368,53.62429412,53.77007909,55.64626439,52.56023831,53.51153388,48.4996348,52.26403816,52.94950673,52.73781754,52.92008283,47.77301797,49.74701544,47.70615422,52.28183534,50.96465089,56.83995022,50.03900495,59.80532371,51.25004285,51.43479111,53.46692674,55.30675905,59.46485538,50.4357607,50.86576315,55.74858081,52.89910194,51.94815811,47.33011637,52.3803016,51.06222617,54.05352175,53.9523961,52.84086732,50.72544971,52.1130232,50.74033994,52.21152484,55.30440019,54.06371604,51.87844692,53.6602069,51.64841357,51.02940592,54.13300279,54.16803553,52.40162506,53.80805132,54.58862252,50.76618531,53.21266985,48.36520854,53.95293733,49.65338804,54.28765419,54.20745106,50.63172189,56.62285829,52.76263068,57.43309512,52.2321376,53.61043568,50.76518944,53.26844125,53.80133003,50.34889686,54.05770204,49.54563344,56.96313723,52.22345501,49.99280401,54.41863375,52.11939144,50.19994186,55.67117719,53.33223101,52.90826268,54.95444145,55.69116048,51.86825569,52.04868925,50.92576819,50.97902147,49.99292057,52.12054047,51.76227144,53.36531313,52.25822213,49.76392791,52.92525124,52.02271526,54.6064008,53.74663173,49.60549924,48.94693609,53.13766134,55.68605372,51.50822453,53.44060976,51.33001764,50.488055,54.46015566,49.82448069,53.4171936,50.66372153,54.26672831,52.35782974,52.89082892,51.48369113,53.5831647,50.99128668,48.074284,55.42409237,49.53009104,52.08931025,54.41384025,51.84509681,52.9915663,57.29023806,53.17310551,58.31857979,56.10215394,54.16718792,52.76089518,53.4169626,53.93803239,53.73737807,54.59642935,54.72005699,52.7732299,49.64581176,52.63095826,60.02016388,52.05745167,47.74551751,57.29304339,52.86319335,50.29315791,52.35165818,55.73507595,52.82550145,55.24992561,52.51867122,52.21809467,53.02527563,52.41874192,48.03069587,51.72393353,57.83145721,49.94702142,55.44422992,50.65061669,52.49291195,53.49884429,58.69839696,53.85308264,52.68121797,54.14720718,49.72142289,50.77998967,56.31864743,52.83786989,52.70033792,51.36066241,51.65726122,49.67947793,49.83322491,51.90392685,52.74260276
48.38567088,48.64315314,49.46209491,48.04434658,45.79427733,49.75836391,51.88570815,47.3243657,51.64266055,51.84809268,52.62624071,65.48085201,47.01803051,49.73307339,53.56676861,46.98726757,51.38296448,49.47859078,49.64506179,50.21455919,48.12483641,45.74163237,52.10137012,53.24895158,47.90591687,47.50761689,46.95691038,46.49424372,49.03947479,47.63079764,46.3738869,49.41929908,48.25583659,50.68454999,51.2481745,50.79269836,43.95883389,50.20170392,49.11970644,48.56456809,49.2428352,44.57350518,47.65822911,45.47685704,48.76789931,49.77369889,52.48433626,47.20612675,57.95588375,45.97974894,48.51227063,50.26736956,53.12821822,52.57901692,47.0950124,46.92974403,52.63301974,47.95684013,50.56231488,43.67159112,49.67401852,47.58455379,49.39651057,48.41244081,46.70524007,49.40671434,49.53370245,46.04663229,48.73330327,51.97506196,49.38597109,47.81763645,49.71372244,47.19026506,50.35653878,50.64720839,50.88791808,47.89898537,52.35359098,48.20900377,50.67843516,49.76091039,47.19367081,50.59012785,46.07455316,51.70731164,49.3496862,47.47739475,51.79729518,48.84317777,52.54764439,49.22204215,50.62522536,46.25090689,50.06345133,51.63437905,47.81251946,48.86812964,46.15197691,52.98333803,47.30203251,44.28590561,49.71390279,47.91404905,47.76928623,49.50879666,48.20609537,48.78763602,49.56852757,51.02369776,47.63334372,45.79421706,48.67517297,48.67472137,49.52772289,43.46432632,49.23773091,48.32400115,50.42921758,46.09544851,48.98655697,51.21760874,50.10517418,48.15962459,47.23982869,46.87656487,50.12975131,51.20484349,49.19024266,50.3928089,51.47319437,44.54781868,50.69652933,47.29529303,49.77337617,49.11183671,50.88733522,47.6846125,46.6983968,48.07054445,49.66922555,48.07991321,44.21185792,52.99757455,45.90634378,46.59518172,49.76157283,49.75243314,49.45195593,53.98382566,47.46381311,53.83409101,51.52480379,50.14731353,47.91347278,50.75397308,47.21306462,52.64642909,51.78480522,50.06307072,50.09775557,49.80104834,48.42381432,55.51252009,49.12078381,46.08501394,53.79368413,47.87836027,48.17317359,46.95144061,53.13048081,48.28554906,51.55113868,49.04476541,45.9993436,48.65264871,45.24667798,45.73403575,50.00745966,53.4677096,48.85298472,52.4614745,51.03705845,51.30103231,48.41150964,54.08819022,51.25158058,49.0378884,46.73845605,48.62955629,46.52418371,53.41301161,51.13842785,46.70635225,49.56411532,50.05440172,48.70709083,45.22356138,47.39772843,50.6391717
50.63842673,50.63148427,48.92183876,49.24687012,47.26257402,49.49906574,53.25128393,46.77933624,51.75871226,50.74241301,52.66892053,47.01803051,66.90965779,49.80127389,52.43654155,49.62498789,56.01769145,54.17973782,52.83696747,52.12924605,53.77773991,46.613663,52.14346146,53.77258745,49.00566279,50.98377747,48.47492245,47.74309369,47.45204645,49.25345646,47.43170684,51.08422608,52.46650291,52.64357354,47.99843047,48.37492803,48.01274931,51.825013,52.51491198,49.14887133,52.40995291,46.98844512,47.99538935,45.6427744,49.32277711,47.77114319,51.97497125,47.40021302,57.77008431,49.91905961,47.92210984,49.81477216,55.09430369,54.19867652,48.31273402,47.3917645,53.31589761,48.91163964,48.7148296,44.58623334,49.9617218,47.80248634,52.25435714,52.1321808,49.07926898,47.48596584,51.82373034,48.16493913,51.47293965,54.51626971,47.73251912,48.93909153,50.33079443,47.00106886,49.51518738,50.01051633,54.08570174,51.60378987,51.52322093,49.08962022,51.69855572,49.25949837,46.87185815,50.5346359,47.43983928,52.12723994,49.77157904,47.98611747,52.99111148,48.37805578,52.48919229,48.78363051,49.6826058,50.25905416,50.82576603,51.52223523,50.37043621,52.08116595,45.83830155,54.28529893,49.226232,48.41540354,48.38421906,48.63853987,50.37003176,53.46082241,47.91996328,52.31494364,52.03424845,50.54957065,45.69035187,51.73278975,48.34912331,49.20384367,49.8766602,46.93632232,50.32368917,52.03023872,48.91472695,48.85411226,50.29018165,53.45178844,49.22139946,48.46571854,47.37718046,48.51445595,51.31981315,53.61665445,50.08342369,52.28479821,51.29372325,49.22923409,50.57262513,47.8481024,50.38086995,52.31791203,53.42806979,48.95681744,48.09174213,48.62058089,50.72762324,49.10782029,45.68904003,53.2197626,46.45880573,48.19639482,49.86382384,51.60226654,48.76265008,54.17325217,49.54555776,54.55445224,53.13304839,51.72523294,52.17576911,51.51748896,49.65886832,49.29509596,54.07360742,52.75478112,49.38089593,50.19574572,51.29613055,55.11870055,50.88112963,48.0767601,53.5291269,48.6356237,50.19879624,48.12488233,54.12386939,51.27797693,54.37100609,48.27088689,47.81874552,48.07318457,50.64858634,46.56109967,51.28119701,52.86942517,47.48116811,52.41054684,48.81529036,48.00107661,52.85510697,56.05020492,52.97598456,49.52678043,51.42972276,49.90296373,45.97276804,51.01705867,51.50962402,49.9381191,48.74872788,49.02744901,46.88115719,49.09334349,48.2768086,50.62128947
51.3853137,49.75373122,51.01846624,51.04330662,48.27894341,55.09395607,53.88056476,50.13405976,51.98295288,52.47123718,55.58385745,49.73307339,49.80127389,68.83679139,52.27141342,49.69228071,55.06326588,50.41392603,52.53775907,53.29016204,53.3632049,50.07374335,50.90097547,55.5260212,49.94379601,53.55648851,49.33842727,48.32504019,48.51622334,49.82670583,49.30314555,53.25043631,50.04942693,53.24143895,50.75393979,49.8805179,48.47600787,53.45786904,52.09675927,48.34858461,49.70164155,47.27242821,47.08131394,48.42364105,50.20131006,48.20032597,55.51778311,49.67763317,58.94977041,49.48313521,49.57429307,49.68904205,55.17136268,55.95284032,49.78477553,50.67548316,52.23260538,51.12523907,49.9248179,44.84894576,51.04327354,52.39235111,52.98963507,51.66968242,50.75305809,48.602923,52.01466389,46.15517731,52.24998008,52.80894665,51.49420085,50.5358603,50.40517067,47.02820522,53.12092746,50.02516299,54.71869776,52.08318793,52.18035358,50.69224879,52.20569731,50.41647912,50.82449919,51.55478369,48.59361666,52.97099256,52.38289442,51.21474041,57.14860284,49.730591,52.98501541,51.53852718,52.42940718,50.3609064,48.78954438,52.41541347,50.27066697,52.58418272,48.82981823,53.52366249,51.45465544,47.90180613,51.58103809,50.79889147,50.01986128,51.80497681,53.49956322,52.82273875,54.8987876,52.42790753,49.4202878,51.15037699,52.74677376,48.55193485,50.47662973,46.88288126,51.69730729,52.60094844,50.50344529,47.32061327,51.12821251,54.62554119,51.34243384,49.97270817,47.89286643,46.47081876,50.94728156,54.07563876,47.85383293,51.93565016,51.8487199,47.36959561,52.48836495,48.60698601,49.12452455,50.3767092,51.54357511,52.59308285,51.09799266,50.22082946,53.02460838,47.19390569,45.49312002,52.51885698,48.31999616,48.5991092,54.54181172,49.83203337,50.54185699,56.25244901,50.53143435,55.78883614,56.34606026,51.32480003,51.68222773,51.36906839,52.93005372,54.49331661,54.37446533,47.76556848,50.30306104,50.00438792,49.94617367,54.97618271,52.38112828,47.04221099,54.44617296,51.54635323,48.96886724,51.02511712,56.80270871,50.41784027,53.81429096,49.2054114,49.41014518,51.17566871,46.61570246,47.32713157,51.45555509,54.73034877,49.73878914,52.74310913,52.10740312,53.23603614,52.13495663,57.54760599,52.51796959,51.62769898,52.18892049,48.41073775,48.01063456,52.22903191,51.58372024,48.46929853,50.16157565,49.08831312,51.43050103,47.74177758,48.40875673,51.68079996
52.82529986,52.10378274,52.24551896,49.53463947,50.49973335,54.70432771,55.02735663,47.9794267,53.25366969,53.04474078,55.49395772,53.56676861,52.43654155,52.27141342,72.76237148,54.45664376,56.61231945,53.76926478,53.5609907,54.69512606,52.44804751,49.81967251,53.85634369,56.23638692,50.17553229,53.08304448,51.17819428,48.49020127,48.7327879,49.47107431,50.5574751,54.56433091,54.63057266,53.79015266,54.41229266,51.2149811,51.04009681,53.9359446,53.34139219,54.68985258,53.18290397,50.74324059,51.3702849,46.94061772,51.79997956,52.19065417,54.8179257,50.92325005,58.71272515,50.20529872,50.29818285,54.59091833,61.01434373,56.70518479,53.17036166,49.56661045,53.60456155,53.02820529,51.43050868,49.07748604,51.4764274,51.28934018,52.59355129,55.08520872,51.86186452,51.66599028,54.20460262,48.70391672,52.13402472,58.36588971,53.71014016,51.19199477,49.47289448,50.73520409,50.86724717,54.13676881,56.057445,52.21517008,55.49213069,54.06637943,54.6557071,56.39342192,50.58569486,51.78683624,50.26625793,55.07921152,53.36720819,53.29759501,56.31825346,52.56266365,58.39610457,54.13676572,53.71289505,50.85431864,54.02567693,52.1793585,50.81159839,54.35847001,52.78603695,55.37122688,53.659098,50.75990121,52.08748276,53.16382427,50.8058882,54.53742975,54.53711209,53.94115745,54.62582756,55.85420329,52.02255246,51.98524717,52.27777289,51.52127767,50.19491168,48.82014036,52.32077842,54.07682677,52.00809105,48.82348562,54.70540706,53.67217056,53.77993602,52.03009279,50.129152,51.23028323,53.42937093,56.00015695,51.79086291,55.00847021,54.60350136,48.79908529,53.00447726,50.49546531,52.29717586,53.42213515,53.37938433,51.92663844,48.58168105,50.72230919,53.03205915,52.21629983,46.96292348,55.52351575,50.84677299,51.14491965,54.47115342,51.8883478,50.01449017,56.5945852,52.28909313,59.09381429,57.70066016,53.08942771,52.77544025,54.06315399,50.93232845,53.78320964,58.42876299,53.44741744,55.58224483,49.23587927,52.85446952,57.32519221,53.83167948,49.27403823,59.53667576,53.05006927,52.34903588,52.39092647,55.05141592,52.77219521,59.29596132,49.13569251,50.64777194,53.26194781,50.2263344,48.97847112,53.04759978,56.14364867,48.69747696,54.75706791,56.21637233,51.70947478,54.33310443,59.23127163,54.33457734,51.47570813,54.0154237,50.77607358,50.64216754,56.17469833,53.8512111,50.83580419,51.32308701,51.89978658,52.18385763,50.87157296,50.28111361,53.07510445
48.21873291,48.57545648,47.51201051,48.88777779,48.01660411,50.83460338,51.02902501,46.54313554,48.66281139,51.25852473,50.77222527,46.98726757,49.62498789,49.69228071,54.45664376,65.31139695,55.06375594,49.59560484,49.71053639,50.96029331,47.30807345,46.44465522,48.684546,50.13990145,46.06703875,50.39983855,48.31214233,47.22177569,46.45073409,47.08450284,49.11260002,49.63536292,50.13122676,48.92318921,48.36821444,48.85008269,45.75251951,51.01360686,49.51399838,47.60750467,46.81952689,42.89853007,48.04590136,43.68926308,46.68338173,49.37932342,53.68825281,45.93193839,53.17120813,45.9683521,50.18884499,49.37085273,53.45384622,53.60899234,47.85757759,47.08819226,50.64698535,48.30870422,47.01247563,44.13591399,46.49278466,46.10722041,50.08287366,50.15509848,48.52370269,48.00735055,50.69850216,47.49219281,48.84229188,52.01713982,49.82009697,48.99672667,48.4101058,44.25642288,47.62287089,52.02685155,51.00955394,47.57176591,53.52739661,50.41909341,50.69622099,51.30221059,47.02446794,49.73534507,43.88392039,50.12054949,50.43035549,47.02926995,50.93198215,47.21493848,52.56907253,49.99494841,49.31356655,47.23778357,49.78045734,50.97683503,47.16534137,49.13943775,45.4113306,53.45967839,46.97158554,45.30444274,49.32778117,50.20263615,48.73223608,51.50066617,48.778283,49.24084175,51.56721403,50.49039765,48.62593726,50.23514922,47.51150192,47.31365241,46.91984787,47.37687962,49.55760084,48.03336533,46.72202666,44.13644852,50.66662266,50.72824922,48.43602302,47.58505751,46.0726174,46.63695237,49.80128384,51.18206141,48.64950499,50.16865152,47.36249032,45.72548351,50.75288979,47.89104136,50.52504721,49.86882098,49.74630067,48.24682771,47.48867524,45.53588741,49.10721504,46.41656385,44.76107236,51.06071525,46.12648648,47.37054904,50.97892085,48.59348639,48.41302657,51.71670217,46.71033893,51.87955997,51.31364249,49.50354535,47.90472391,49.57120913,48.65546563,48.93709368,49.6124338,49.0383776,49.1807984,46.95710747,47.59756929,54.28509504,48.45144339,46.96832797,51.705537,48.40255404,46.78599079,47.32068763,50.78228714,49.18760844,51.71106033,47.62089974,45.67748625,49.36602587,45.95387679,45.37096291,49.51982668,54.19814686,46.9699754,51.88784909,49.15419744,50.15078088,51.58111605,55.50835149,51.39109739,50.42810575,50.11645836,45.78259629,43.41059561,51.59146974,49.41688126,49.56704695,50.03419802,49.33995581,47.07173641,47.68704771,47.77006903,49.63201221
